-1 25.0 375.0 850.0 375.0
0 450.0 340.0 350.0 20.0 160.0 0 0
3 225.0 425.0 450.0 340.0 -14057287
3 675.0 425.0 450.0 340.0 -14057287
3 0.0 0.0 0.0 425.0 -14057287
3 900.0 0.0 900.0 425.0 -14057287
3 0.0 0.0 900.0 0.0 -14057287
3 0.0 425.0 900.0 425.0 -14057287
5 225.0 425.0 450.0 340.0 675.0 425.0 -14057287
6 0.0 425.0 900.0 425.0 0.0 500.0 900.0 500.0 -2038580
-1 20.0 20.0 850.0 405.0
1 450.0 212.0 800.0 15.0 100.0 1 0
6 0.0 425.0 900.0 425.0 0.0 500.0 900.0 500.0 -2038580
3 0.0 0.0 0.0 425.0 -14057287
3 900.0 0.0 900.0 425.0 -14057287
3 0.0 0.0 900.0 0.0 -14057287
3 0.0 425.0 900.0 425.0 -14057287
0 300.0 50.0 200.0 10.0 100.0 0 1
-1 20.0 200.0 750.0 275.0
3 400.0 200.0 450.0 300.0 -14057287
6 0.0 425.0 900.0 425.0 0.0 500.0 900.0 500.0 -2038580
3 0.0 0.0 0.0 425.0 -14057287
3 900.0 0.0 900.0 425.0 -14057287
3 0.0 0.0 900.0 0.0 -14057287
3 0.0 425.0 900.0 425.0 -14057287
1 450.0 212.0 800.0 15.0 100.0 3 1
-1 20.0 225.0 850.0 50.0
3 475.0 100.0 450.0 200.0 -14057287
6 0.0 425.0 900.0 425.0 0.0 500.0 900.0 500.0 -2038580
3 0.0 0.0 0.0 425.0 -14057287
3 900.0 0.0 900.0 425.0 -14057287
3 0.0 0.0 900.0 0.0 -14057287
3 0.0 425.0 900.0 425.0 -14057287
2 300.0 50.0 500.0 30.0 250.0 0 1
-1 20.0 150.0 750.0 325.0
3 250.0 250.0 750.0 275.0 -14057287
3 200.0 350.0 700.0 375.0 -14057287
6 0.0 425.0 900.0 425.0 0.0 500.0 900.0 500.0 -2038580
3 0.0 0.0 0.0 425.0 -14057287
3 900.0 0.0 900.0 425.0 -14057287
3 0.0 0.0 900.0 0.0 -14057287
3 0.0 425.0 900.0 425.0 -14057287
1 450.0 212.0 800.0 15.0 100.0 3 1
2 300.0 50.0 500.0 30.0 250.0 0 1
-1 50.0 325.0 850.0 325.0
0 200.0 175.0 350.0 20.0 160.0 0 0
0 259.0 250.0 350.0 20.0 160.0 1 0
0 575.0 230.0 350.0 20.0 160.0 2 0
0 350.0 75.0 200.0 10.0 100.0 0 0
0 400.0 200.0 200.0 10.0 100.0 1 0
0 475.0 75.0 200.0 10.0 100.0 2 0
3 750.0 300.0 700.0 350.0 -14057287
6 0.0 425.0 900.0 425.0 0.0 500.0 900.0 500.0 -2038580
3 0.0 0.0 0.0 425.0 -14057287
3 900.0 0.0 900.0 425.0 -14057287
3 0.0 0.0 900.0 0.0 -14057287
3 0.0 425.0 900.0 425.0 -14057287
2 300.0 50.0 500.0 30.0 250.0 0 1
-1 25.0 250.0 850.0 250.0
2 300.0 50.0 500.0 30.0 250.0 3 0
0 400.0 150.0 350.0 20.0 160.0 2 0
0 600.0 300.0 500.0 30.0 250.0 0 0
1 820.0 100.0 500.0 15.0 100.0 3 0
3 0.0 0.0 0.0 425.0 -14057287
3 900.0 0.0 900.0 425.0 -14057287
3 0.0 0.0 900.0 0.0 -14057287
3 0.0 425.0 900.0 425.0 -14057287
3 450.0 318.0 450.0 106.0 -14057287
6 0.0 425.0 900.0 425.0 0.0 500.0 900.0 500.0 -2038580
0 300.0 50.0 200.0 10.0 100.0 0 1
0 400.0 150.0 350.0 20.0 160.0 1 1
0 600.0 300.0 500.0 30.0 250.0 1 1
1 820.0 100.0 800.0 15.0 100.0 2 1
